[
    443.6666717529297,
    443.6515202377782,
    443.64400231041293,
    443.63676282480196,
    443.600484787781,
    443.56420675076004,
    443.5279287137391,
    443.4916506767181,
    443.45537263969715,
    443.42667036025193,
    443.3543740742718,
    443.28207778829164,
    443.25489428426636,
    443.22771078024107,
    443.2005272762158,
    443.1656514644982,
    443.1239925272893,
    443.08233359008045,
    443.0406746528716,
    442.99933616902587,
    442.95831567351746,
    442.91822746199784,
    442.86287207490574,
    442.80793924802043,
    442.7530064211351,
    442.6980735942498,
    442.6431407673645,
    442.5882079404792,
    442.5332751135939,
    442.4783422867086,
    442.4234094598233,
    442.368476632938,
    442.3135438060527,
    442.2586109791674,
    442.20367815228207,
    442.14874532539676,
    442.09381249851145,
    442.03887967162615,
    441.98394684474084,
    441.92901401785554,
    441.87408119097023,
    441.8191483640849,
    441.7642155371996,
    441.7092827103143,
    441.654349883429,
    441.5994170565437,
    441.5444842296584,
    441.4895514027731,
    441.4346185758878,
    441.3796857490025,
    441.32475292211717,
    441.26982009523186,
    441.21488726834656,
    441.15995444146125,
    441.10502161457595,
    441.05008878769064,
    440.99515596080533,
    440.94022313392003,
    440.8852903070347,
    440.8303574801494,
    440.7754246532641,
    440.7204918263788,
    440.6655589994935,
    440.6106261726082,
    440.5556933457229,
    440.5007605188376,
    440.4458276919523,
    440.39089486506697,
    440.33596203818166,
    440.28102921129636,
    440.22609638441105,
    440.1599127578458,
    440.05999227543504,
    439.96007179302427,
    439.8601513106135,
    439.73733830389443,
    439.61452529717536,
    439.4917122904563,
    439.3813992837372,
    439.3224651896021,
    439.32671465334687,
    439.33096411709164,
    439.3098971251402,
    439.25185680798756,
    439.18115826298686,
    439.11045971798615,
    439.03976117298544,
    438.9690626279847,
    438.898364082984,
    438.8276655379833,
    438.7569669929826,
    438.6862684479819,
    438.6155699029812,
    438.54487135798047,
    438.4596800593566,
    438.3744887607327,
    438.2892974621088,
    438.2041061634849,
    438.1189148648609,
    438.033723566237,
    437.9485322676131,
    437.8633409689892,
    437.7781496703652,
    437.6943549504073,
    437.61193391438303,
    437.5346641931103,
    437.4573944718376,
    437.38012475056485,
    437.3028550292921,
    437.2255853080194,
    437.14831558674666,
    437.122770003405,
    437.0972244200633,
    437.0716788367216,
    437.02795143519813,
    436.9471869966376,
    436.86642255807703,
    436.7856581195165,
    436.70489368095593,
    436.6241292423954,
    436.54336480383483,
    436.4626003652743,
    436.38183592671373,
    436.15876287103333,
    435.93960337773325,
    435.72044388443317,
    435.610375300224,
    435.5373437530519,
    435.44714612342,
    435.30568295304744,
    435.14570126415634,
    434.98571957526525,
    434.82573788637416,
    434.66575619748306,
    434.50577450859197,
    434.3457928197009,
    434.1858111308098,
    433.9298302557458,
    433.6071155583033,
    433.5041896456913,
    433.30342397441046,
    433.123491636463,
    432.9943552387923,
    432.82780156907506,
    432.6408397360925,
    432.45387790310997,
    432.23813378010635,
    432.02238965710274,
    431.7858122007658,
    431.5492347444289,
    431.31265728809194,
    431.076079831755,
    430.7940478299635,
    430.512015828172,
    430.22998382638053,
    429.94795182458904,
    429.66591982279755,
    429.34775509393694,
    429.03682138164135,
    428.73295434462517,
    428.39814806480973,
    428.0263374801013,
    427.5516782417197,
    427.0770190033381,
    426.59042020219243,
    426.0466986465274,
    425.58263039409354,
    425.1185621416597,
    424.6544938892259,
    424.1985671850803,
    423.72478333807766,
    423.1701742026286,
    422.6155650671795,
    422.0710397341931,
    421.49239030595623,
    420.92407390322364,
    420.36038912101526,
    419.789309165624,
    419.1905569492902,
    418.57299624309707,
    417.92290041748845,
    417.2906685794233,
    416.65198369138915,
    415.98112432377786,
    415.23969366664227,
    414.40545882820135,
    413.4951034322103,
    412.54536329149613,
    411.53477664645317,
    410.5241900014102,
    409.51360335636724,
    408.4905167113243,
    407.46827469963654,
    406.4224722544955,
    405.3555443416866,
    404.1637182199768,
    402.93700837733667,
    401.7805628328712,
    400.5852823369495,
    399.39000184102775,
    398.1693869858035,
    396.80269445977615,
    395.4071557799026,
    393.99219962430095,
    392.5772434686993,
    391.16228731309764,
    389.747331157496,
    388.27176894128826,
    386.7655944801826,
    385.17694579227276,
    383.58829710436294,
    381.9996484164531,
    380.3790848349263,
    378.78411150418407,
    377.17872150677516,
    375.57333150936626,
    373.89347342685096,
    372.04822846422263,
    370.15878528363305,
    368.02763386449925,
    365.7334106788207,
    363.17531440845084,
    360.617218138081,
    358.05912186771116,
    355.4319635326387,
    352.7278821206432,
    349.5743022839023,
    346.23666602442063,
    342.57185844227655,
    338.88744301699523,
    335.18302759171394,
    330.94933079529653,
    325.99336517882557,
    320.5268882238,
    314.913352445245,
    309.29981666669,
    303.686280888135,
    298.07274510958,
    292.459209331025,
    286.84567355247003,
    281.23213777391504,
    276.24615499904456,
    271.2601722241741,
    266.2741894493036,
    261.81770452129194,
    257.7250270869283,
    253.6020466222617,
    249.47906615759507,
    245.35608569292845,
    241.23310522826182,
    236.54755744575075,
    231.8620096632397,
    227.17646188072862,
    222.49091409821756,
    219.4952008702837,
    216.78153719381947,
    214.49377173951788,
    212.4146389528525,
    210.30217283285378,
    208.32284705891553,
    206.34352128497727,
    204.55342745577113,
    203.156987050057,
    201.7605466443429,
    200.40314578352206,
    199.91506583983724,
    200.07309985788527,
    200.88527916293674,
    201.99758533574916,
    203.12041782435105,
    204.2538886108253,
    205.5735927754134,
    207.23736481128708,
    209.10355857004205,
    211.38915736424883,
    213.77883614123,
    216.3443262249867,
    219.30182377304928,
    222.29157938562798,
    226.0566671850642,
    230.44553519577866,
    234.98824936033927,
    239.94181780819108,
    245.58801028525062,
    251.7526303193827,
    258.10772654399096,
    265.1220584724253,
    272.8038532857726,
    280.48564809911994,
    288.16744291246727,
    295.87954075611765,
    303.59163859976803,
    311.3037364434184,
    319.24916762040215,
    327.47046086635135,
    335.6917541123006,
    343.9130473582498,
    352.134340604199,
    358.3852915203381,
    364.6665454667803,
    369.83728025424733,
    374.4422670259578,
    378.5219727755233,
    382.17438442514674,
    385.58832641464335,
    388.58939963845546,
    391.33721320952475,
    393.7841388747907,
    396.33838924010337,
    398.89263960541604,
    401.3358356070194,
    403.7223338638908,
    406.11958480893423,
    408.5836169646009,
    410.9480922654931,
    413.1761555297953,
    415.38279510886395,
    417.506943488715,
    419.44746286492557,
    420.97501256039226,
    422.2923157492293,
    423.42208871740576,
    423.60885603783004,
    423.55065292993163,
    423.2440385099484,
    422.8750249856226,
    422.5060114612968,
    422.136997936971,
    421.5237332122615,
    420.910468487552,
    420.2972037628425,
    418.2896974293912,
    416.34000747908703,
    414.157759389248,
    411.9402171817619,
    409.52224711555664,
    407.08498400137825,
    404.54523618453584,
    401.96042509911507,
    399.382831978411,
    396.77298079319075,
    394.1631296079705,
    391.5532784227503,
    388.9977463952264,
    386.46914968166783,
    383.98066431696844,
    381.4777021229681,
    379.45521388000776,
    377.46467839464,
    375.34499652614215,
    373.15192641506536,
    370.9310187725861,
    368.1971622927515,
    365.7185256701629,
    363.4037341360922,
    361.3730546581074,
    359.46904280285776,
    357.80323167277146,
    356.8123219587402,
    356.24683849466254,
    355.833651811472,
    355.4204651282815,
    354.99623173120426,
    354.63246879138626,
    354.3121122386154,
    354.0327648517156,
    353.83283239534353,
    353.75242973783884,
    353.7619534626743,
    353.8062565928295,
    353.8792053696313,
    354.02056066921614,
    354.2229478552003,
    354.49740589739247,
    354.90048893443674,
    355.36844450025853,
    355.83640006608033,
    356.48732082077004,
    357.2928343331159,
    358.26116932462844,
    359.63630988881414,
    361.1544143086301,
    362.61013971475967,
    364.0790118502098,
    365.5478839856599,
    367.01675612111,
    368.4504877748508,
    369.8368005453924,
    371.2070714558337,
    372.53508731617336,
    373.73323587125935,
    374.9165696051721,
    375.9655023530289,
    377.0107022441318,
    378.05590213523465,
    379.1011020263375,
    380.1463019174404,
    381.19150180854325,
    382.1094789655479,
    382.9093439270223,
    383.5995176477069,
    384.1508447900513,
    384.63838875383703,
    385.04927600518596,
    385.442352133196,
    385.7510318188872,
    385.98792779809867,
    386.2248237773101,
    386.39830118716816,
    386.52432826436336,
    386.59538151956906,
    386.57418176083473,
    386.48973501217927,
    386.2896698617294,
    385.9464872326611,
    385.46586475453114,
    384.9400105707255,
    384.38429477505844,
    383.58783195472466,
    382.69772843245954,
    381.71775844360207,
    380.60450372031346,
    379.3781086412941,
    378.08929908735075,
    376.8507333576792,
    375.7172394918414,
    374.61436768598367,
    374.4573662084188,
    374.3046200500029,
    374.2709175752247,
    374.33887375309854,
    374.4347041928445,
    374.56253711050647,
    374.7245788836235,
    374.9215852344845,
    375.1705526915774,
    375.4905856548931,
    375.853651405094,
    376.23977210110183,
    376.6700929592855,
    377.1106597191085,
    377.5622880262476,
    378.01849679370093,
    378.47663047009155,
    378.93207976947207,
    379.38311580044774,
    379.8020342919158,
    380.2069415432252,
    380.54814036193716,
    380.78554399912315,
    380.8825475044836,
    380.93465262620236,
    380.9538854444429,
    380.9632660459347,
    380.9726466474265,
    380.9607476655136,
    380.9074771440535,
    380.80805093735836,
    380.68401700214497,
    380.5499202430768,
    380.4158234840087,
    380.28172672494054,
    380.1476299658724,
    380.01353320680425,
    379.8794364477361,
    379.74533968866797,
    379.6112429295998,
    379.4748229753511,
    379.3384030211024,
    379.2019830668537,
    379.065563112605,
    378.921155937909,
    378.75276531321015,
    378.5843746885113,
    378.4159840638124,
    378.2494497137165,
    378.08683938724744,
    377.9406781370395,
    377.80248308071737,
    377.6642880243952,
    377.52609296807304,
    377.3878979117509,
    377.2156510888956,
    377.03253067790354,
    376.8091546730769,
    376.5830043692228,
    376.35685406536874,
    376.13070376151467,
    375.83409741769105,
    375.58648554373985,
    375.367932080264,
    375.18029922255084,
    375.0544075081939,
    374.94552838820215,
    374.8988519110525,
    374.8521754339028,
    374.8054989567531,
    374.7755359721311,
    374.7511683309926,
    374.73748897976066,
    374.71919010831135,
    374.70089123686205,
    374.68259236541275,
    374.66429349396344,
    374.64599462251414,
    374.62769575106483,
    374.60939687961553,
    374.5910980081662,
    374.5727991367169,
    374.5545002652676,
    374.5362013938183,
    374.517902522369,
    374.4996036509197,
    374.4813047794704,
    374.4630059080211,
    374.46634469236386,
    374.3987436650479,
    374.31563166613284,
    374.23740860833044,
    374.15918555052804,
    374.08096249272563,
    374.0027394349232,
    373.93766543880133,
    373.91156206310166,
    373.94217439298865,
    373.97278672287564,
    374.00339905276263,
    373.9591467333766,
    373.9082575508723,
    373.877962356499,
    373.8667467027622,
    373.86487684341796,
    373.8630069840737,
    373.86113712472945,
    373.8592672653852,
    373.85739740604095,
    373.8555275466967,
    373.85365768735244,
    373.8517878280082,
    373.86001897876497,
    373.86825012952175,
    373.87648128027854,
    373.8847124310353,
    373.8929435817921,
    373.9011747325489,
    373.9094058833057,
    373.91763703406247,
    373.92586818481925,
    373.93409933557604
]